0 0.065625 0.470171875 0.13125 0.558578125
5 0.08159374999999999 0.24940625 0.070921875 0.10635937499999999
0 0.343296875 0.554453125 0.37625000000000003 0.865171875
5 0.45512499999999995 0.19434374999999998 0.067625 0.142421875
0 0.535109375 0.5 0.49534374999999997 1
2 0.6224999999999999 0.41231249999999997 0.18575 0.524453125
2 0.8428281249999999 0.30765625 0.14260937499999998 0.60203125
1 0.590296875 0.251953125 0.10546875 0.197015625
5 0.67053125 0.11495312499999999 0.14221875 0.22090625
5 0.818609375 0.10115624999999999 0.101453125 0.1801875
4 0.6873125 0.144078125 0.047625 0.11456249999999998