0 0.47443749999999996 0.420796875 0.4375 0.718359375
2 0.71378125 0.23976562499999998 0.0838125 0.27678125
2 0.7755625 0.20853125 0.09090625 0.316546875
2 0.870734375 0.23621875 0.139203125 0.352046875
1 0.6115 0.11765624999999999 0.0724375 0.10925
1 0.70809375 0.15175 0.055390625000000006 0.10071875
4 0.720875 0.1993125 0.035515625 0.082234375
1 0.764203125 0.0970625 0.0568125 0.10215624999999999
4 0.78621875 0.13825 0.035515625 0.0680625
1 0.83309375 0.111984375 0.0525625 0.10640625
4 0.870734375 0.15175 0.045453125 0.063796875