0 0.730171875 0.52403125 0.284859375 0.68509375
2 0.706796875 0.41890625000000004 0.045796875 0.240234375
2 0.671890625 0.40689062500000006 0.051046875000000005 0.244734375
2 0.5829375 0.383984375 0.0578125 0.2665
2 0.539390625 0.33595312499999996 0.053296875 0.310046875
2 0.48421875 0.36034375 0.084078125 0.370859375
1 0.699265625 0.3394375 0.027171875 0.06825
1 0.669828125 0.3289375 0.031046875 0.082796875
1 0.636328125 0.23746874999999998 0.0590625 0.10978125000000001
1 0.5763125 0.299203125 0.037984375 0.09456250000000001
1 0.54065625 0.235828125 0.04340625 0.10968750000000001
1 0.49879687500000003 0.24456250000000002 0.046515625 0.137203125