0 0.662859375 0.497 0.48196874999999995 0.99159375
2 0.60878125 0.332328125 0.090140625 0.371390625
2 0.54146875 0.308890625 0.061296874999999994 0.36778125
2 0.40925 0.2764375 0.094953125 0.39903125
2 0.32871875 0.2578125 0.10215624999999999 0.515625
2 0.24700000000000003 0.28665625 0.13340625 0.5685156250000001
1 0.588453125 0.20856249999999998 0.048765625 0.121921875
1 0.539359375 0.195078125 0.057109375 0.13090625
1 0.504703125 0.073796875 0.072515625 0.14759375
1 0.395625 0.146625 0.06353125 0.14053125
1 0.34203125 0.07059375 0.064171875 0.141171875
1 0.27145312499999996 0.07668749999999999 0.083421875 0.146953125