0 0.67909375 0.503609375 0.29085937500000003 0.6875
2 0.613578125 0.387625 0.0516875 0.24879687499999997
2 0.649640625 0.39242187500000003 0.037265625000000004 0.24159375
2 0.52584375 0.365984375 0.066109375 0.282453125
2 0.474765625 0.33773437500000003 0.050484375000000005 0.34375
2 0.4266875 0.372 0.08653125 0.41946874999999995
1 0.645125 0.318546875 0.02815625 0.081234375
1 0.610734375 0.313390625 0.038484375 0.09015625000000001
1 0.5806250000000001 0.2180625 0.0609375 0.114015625
1 0.51525 0.27917187499999996 0.039203125 0.09371874999999999
1 0.482109375 0.222875 0.038484375 0.1036875
1 0.43773437499999995 0.22484375 0.053796875 0.124