0 0.095546875 0.237984375 0.1766875 0.3076875
0 0.152046875 0.27403125 0.215140625 0.355765625
0 0.8028906250000001 0.3701875 0.13221875 0.512015625
0 0.340140625 0.3671875 0.30289062499999997 0.48678125000000005
0 0.378609375 0.511421875 0.459140625 0.796875
2 0.44551562499999997 0.43896875 0.114578125 0.3178125
2 0.6913125 0.3429375 0.20154687500000001 0.41423437500000004
5 0.072953125 0.127265625 0.0614375 0.0811875
5 0.20406249999999998 0.1434375 0.074609375 0.0883125
5 0.43773437499999995 0.188703125 0.09215625 0.11957812500000001
5 0.802140625 0.16468750000000001 0.058125 0.094296875
1 0.68778125 0.20496875 0.08742187500000001 0.136
1 0.548375 0.185546875 0.109765625 0.1379375
1 0.48765625 0.33271875 0.068 0.09617187499999999