0 0.435703125 0.501203125 0.3233125 0.93028125
2 0.42728124999999995 0.43629687500000003 0.10215624999999999 0.394234375
2 0.594953125 0.379203125 0.09134375 0.4170625
2 0.65565625 0.344953125 0.0733125 0.36778125
2 0.709734375 0.339546875 0.07090625 0.390625
2 0.780046875 0.3485625 0.08653125 0.42307812499999997
1 0.77178125 0.19934375 0.069015625 0.12423437500000001
1 0.7088593750000001 0.210703125 0.061703125000000004 0.125859375
1 0.652015625 0.22939062500000001 0.068203125 0.13396875
1 0.58421875 0.24196875 0.073890625 0.133171875
1 0.48475 0.122203125 0.113671875 0.164828125
1 0.42424999999999996 0.303671875 0.07876562499999999 0.120171875