0 0.6984375 0.27759375 0.0968125 0.260796875
2 0.775984375 0.295875 0.06421875 0.21832812499999998
1 0.5586562500000001 0.19165625 0.0405 0.06321875
5 0.5937187500000001 0.21931250000000002 0.037546875 0.0770625
5 0.51715625 0.222765625 0.0563125 0.08396875000000001
5 0.427265625 0.21190625000000002 0.052359375 0.070140625
1 0.705359375 0.190171875 0.0454375 0.07409375
1 0.765125 0.22374999999999998 0.0464375 0.0661875
0 0.79871875 0.49148437500000003 0.238078125 0.682640625
2 0.95134375 0.33390624999999996 0.075078125 0.363546875
5 0.86934375 0.20992187499999998 0.06321875 0.111625
1 0.9390000000000001 0.20054687499999999 0.06421875 0.092859375
5 0.041484375000000004 0.187203125 0.073109375 0.070140625
5 0.122 0.21042187499999998 0.060265625 0.073109375
5 0.189671875 0.22326562499999997 0.05334375 0.09484375
0 0.21387499999999998 0.36848437500000003 0.172875 0.44059375
5 0.24253125 0.210921875 0.08595312499999999 0.11756249999999999
5 0.3210625 0.24253125 0.07903125 0.111625
0 0.336875 0.59646875 0.35367187499999997 0.79184375
5 0.45443749999999994 0.26328125 0.0869375 0.12348437500000001
2 0.529296875 0.463375 0.08932812500000001 0.31821875
2 0.59865625 0.44801562500000003 0.059281249999999994 0.208453125
2 0.623859375 0.416890625 0.115578125 0.44653124999999994
5 0.6233593749999999 0.250921875 0.0770625 0.116578125
1 0.539890625 0.356140625 0.052359375 0.10175000000000001
1 0.597671875 0.391203125 0.05334375 0.0968125
2 0.08896875 0.51934375 0.14765625 0.667640625
5 0.0725625 0.282703125 0.1375625 0.1893125