0 0.394234375 0.512015625 0.389421875 0.9423125000000001
2 0.431484375 0.31009375 0.06971875 0.197109375
2 0.484375 0.280046875 0.0576875 0.21393749999999997
2 0.62559375 0.31790625 0.11178125000000001 0.5108125
2 0.7079375 0.29085937500000003 0.105765625 0.42067187500000003
2 0.793265625 0.28125 0.0889375 0.39903125
1 0.5254375 0.110078125 0.078078125 0.128046875
1 0.42940625 0.270921875 0.059343749999999994 0.098375
1 0.482109375 0.23500000000000001 0.058562499999999997 0.117109375
1 0.61990625 0.13389062499999999 0.078078125 0.13974999999999999
1 0.709703125 0.1538125 0.092125 0.14209375
1 0.785046875 0.144046875 0.071046875 0.127265625
1 0.863109375 0.10501562499999999 0.078859375 0.131953125
1 0.938453125 0.142484375 0.05621875 0.09759375
2 0.8610468750000001 0.27603125 0.160109375 0.47512499999999996