0 0.6478906249999999 0.244734375 0.12815625 0.231984375
0 0.534859375 0.24325000000000002 0.20587499999999997 0.26579687500000004
0 0.18451562500000002 0.35934374999999996 0.147140625 0.43390625
0 0.54871875 0.51896875 0.423640625 0.757515625
2 0.51025 0.463484375 0.17575000000000002 0.337328125
2 0.30509375 0.401109375 0.073 0.22960937499999998
2 0.301859375 0.33884375 0.135109375 0.38298437500000004
5 0.6780468749999999 0.162109375 0.06298437500000001 0.068546875
5 0.49526562500000004 0.16765625 0.091390625 0.109296875
5 0.40881249999999997 0.21026562499999998 0.113625 0.130296875
5 0.28776562499999997 0.210890625 0.083984375 0.115484375
1 0.10128124999999999 0.163640625 0.05434375 0.07040625
1 0.154390625 0.18156250000000002 0.051875000000000004 0.06915625
1 0.49928125 0.347984375 0.07225000000000001 0.103125
1 0.304140625 0.32637499999999997 0.05990625000000001 0.07965625
2 0.09768750000000001 0.22915625 0.091078125 0.20615624999999999